1, 0.000000, 1000, 3.246938 
2, 0.060000, 456000, 1547.004614 
3, 0.161000, 1102000, 4598.906765 
4, 0.201000, 1211000, 5316.992450 
5, 0.207000, 1220000, 5596.395831 
6, 0.234000, 1221000, 5701.882661 
7, 0.295000, 1244000, 6794.255491 
8, 0.435000, 2461000, 18669.893260 
9, 0.439000, 2463000, 18759.010149 
10, 0.453000, 2484000, 19616.201822 
11, 0.468000, 2517000, 21508.171598 
12, 0.478000, 2579000, 25548.931327 
13, 0.490000, 2581000, 25642.768562 
14, 0.492000, 2591000, 26366.207585 
15, 0.494000, 2610000, 27498.200366 
16, 0.513000, 2625000, 28611.972247 
17, 0.514000, 2645000, 29726.084100 
18, 0.521000, 2745000, 34730.405817 
19, 0.526000, 2921000, 38865.437408 
20, 0.535000, 2951000, 40896.210696 
21, 0.541000, 4034000, 84612.020278 
22, 0.542000, 4074000, 86567.571676 
23, 0.542000, 8861000, 258660.277105 
