1, 0.000000, 1000, 2.784481 
2, 0.036000, 10620000, 31094.947255 
3, 0.037000, 10671000, 31549.411593 
4, 0.040000, 11331000, 34198.722560 
5, 0.044000, 13421000, 42718.081893 
6, 0.045000, 13436000, 42757.674745 
7, 0.046000, 15291000, 50675.042872 
8, 0.050000, 19581000, 69565.019500 
9, 0.073000, 24317000, 90685.548514 
10, 0.077000, 24421000, 91663.821558 
11, 0.078000, 24531000, 92112.364349 
12, 0.080000, 24641000, 92540.447603 
13, 0.183000, 24753000, 92969.956660 
14, 0.220000, 24864000, 93499.267517 
15, 0.228000, 26522000, 110490.348626 
16, 0.236000, 26536000, 110932.110961 
17, 0.246000, 26551000, 111664.832777 
18, 0.260000, 26609000, 113627.935232 
19, 0.261000, 27582000, 122903.397121 
20, 0.262000, 27590000, 123213.870815 
21, 0.281000, 27964000, 130370.508598 
22, 0.283000, 31006000, 162528.812395 
23, 0.292000, 32245000, 192179.643236 
24, 0.295000, 35080000, 242959.508880 
25, 0.297000, 35310000, 249180.871171 
26, 0.297000, 35584000, 258696.869503 
