1, 0.000000, 1000, 2.747943 
2, 0.072000, 1873000, 5430.892038 
3, 0.078000, 3518000, 13318.444132 
4, 0.079000, 3851000, 14967.498726 
5, 0.088000, 4071000, 15896.638715 
6, 0.089000, 4511000, 18486.378951 
7, 0.097000, 4624000, 19411.836970 
8, 0.103000, 5611000, 24783.726365 
9, 0.119000, 7263000, 35579.312933 
10, 0.134000, 7371000, 36153.680192 
11, 0.197000, 7786000, 38817.331547 
12, 0.206000, 7788000, 38922.614511 
13, 0.214000, 7789000, 39022.534505 
14, 0.227000, 7790000, 39123.881775 
15, 0.239000, 7890000, 42213.345285 
16, 0.241000, 7914000, 43100.867199 
17, 0.245000, 7921000, 43500.048168 
18, 0.249000, 8141000, 44745.324366 
19, 0.259000, 8292000, 46563.077813 
20, 0.261000, 8309000, 47519.182325 
21, 0.267000, 8312000, 47623.112214 
22, 0.317000, 8331000, 48316.180979 
23, 0.320000, 8597000, 51518.911756 
24, 0.324000, 8602000, 51622.741726 
25, 0.336000, 8801000, 60169.793058 
26, 0.396000, 9313000, 74418.431229 
27, 0.445000, 9314000, 74498.525139 
28, 0.456000, 9343000, 76096.201702 
29, 0.458000, 9406000, 79642.256216 
30, 0.459000, 9489000, 83804.608162 
31, 0.461000, 9499000, 84410.422672 
32, 0.469000, 9681000, 91561.870081 
33, 0.478000, 9744000, 94349.964109 
34, 0.486000, 9901000, 97229.492495 
35, 0.493000, 10231000, 105447.861183 
36, 0.500000, 10314000, 109032.904387 
37, 0.511000, 10533000, 119356.000116 
38, 0.517000, 11518000, 136806.954060 
39, 0.540000, 12979000, 198118.890153 
40, 0.541000, 13373000, 209858.972525 
41, 0.543000, 14081000, 241530.239871 
42, 0.543000, 14457000, 258688.558391 
