1, 0.000000, 1000, 3.274072 
2, 0.023000, 861000, 2777.619067 
3, 0.046000, 866000, 2909.339650 
4, 0.048000, 874000, 3167.874103 
5, 0.059000, 877000, 3291.957236 
6, 0.062000, 881000, 3651.162111 
7, 0.063000, 1541000, 6693.782297 
8, 0.074000, 3191000, 13271.051183 
9, 0.075000, 4291000, 17980.102899 
10, 0.082000, 22161000, 104784.484542 
11, 0.129000, 25307000, 121876.892088 
12, 0.243000, 25308000, 121950.731762 
13, 0.271000, 25321000, 122210.054390 
14, 0.274000, 25327000, 122299.540668 
15, 0.302000, 25329000, 122443.614253 
16, 0.328000, 25331000, 122519.690859 
17, 0.329000, 25338000, 122722.738681 
18, 0.357000, 25351000, 123223.605498 
19, 0.383000, 25448000, 127195.662918 
20, 0.401000, 25458000, 127639.806579 
21, 0.408000, 25459000, 127714.575764 
22, 0.466000, 25467000, 128097.042309 
23, 0.468000, 25488000, 128882.465458 
24, 0.477000, 25489000, 128961.923874 
25, 0.491000, 25676000, 133951.674511 
26, 0.501000, 25719000, 136000.122598 
27, 0.504000, 25729000, 136595.747657 
28, 0.520000, 26243000, 157555.321862 
29, 0.523000, 28731000, 232811.309579 
30, 0.525000, 29151000, 251153.999507 
31, 0.525000, 29336000, 258686.669993 
