1, 0.000000, 1000, 2.623515 
2, 0.029000, 1919000, 5597.025124 
3, 0.032000, 2092000, 6430.417809 
4, 0.033000, 2201000, 6958.726645 
5, 0.035000, 2311000, 7387.025144 
6, 0.039000, 2312000, 7387.026974 
7, 0.044000, 2751000, 9764.867819 
8, 0.045000, 2971000, 11052.739221 
9, 0.049000, 4951000, 20971.946131 
10, 0.050000, 5198000, 30593.188265 
11, 0.055000, 5199000, 30719.894471 
12, 0.060000, 5208000, 31004.150364 
13, 0.062000, 5258000, 33614.248589 
14, 0.065000, 5281000, 35135.223517 
15, 0.073000, 5282000, 35135.225062 
16, 0.076000, 15071000, 96238.183259 
17, 0.080000, 15876000, 103444.950154 
18, 0.080000, 24931000, 258628.547171 
