1, 0.000000, 1000, 3.155679 
2, 0.060000, 175000, 573.815410 
3, 0.065000, 194000, 956.684633 
4, 0.068000, 196000, 1175.493413 
5, 0.071000, 2422000, 17530.611285 
6, 0.087000, 5612000, 38499.340519 
7, 0.092000, 5614000, 38746.253029 
8, 0.095000, 5831000, 40584.683085 
9, 0.108000, 5941000, 41336.504198 
10, 0.112000, 6367000, 49231.445049 
11, 0.230000, 10106000, 78135.652210 
12, 0.242000, 10231000, 79035.130218 
13, 0.258000, 10451000, 80144.699219 
14, 0.274000, 11281000, 85378.271632 
15, 0.279000, 12301000, 97706.902128 
16, 0.280000, 12451000, 99597.278949 
17, 0.285000, 12769000, 104583.680815 
18, 0.293000, 14323000, 121643.380593 
19, 0.315000, 18730000, 187489.382627 
20, 0.320000, 18761000, 188835.330461 
21, 0.327000, 19412000, 200124.354021 
22, 0.340000, 19553000, 206522.494624 
23, 0.349000, 20456000, 215840.928384 
24, 0.351000, 20461000, 216426.485981 
25, 0.365000, 20571000, 216842.367419 
26, 0.373000, 20682000, 217257.359575 
27, 0.430000, 20695000, 217819.966374 
28, 0.465000, 20696000, 217906.977038 
29, 0.479000, 20697000, 217993.857424 
30, 0.480000, 20774000, 221680.340577 
31, 0.497000, 20826000, 224074.771093 
32, 0.507000, 20845000, 225552.714391 
33, 0.509000, 20888000, 227474.989031 
34, 0.512000, 21231000, 234129.186664 
35, 0.512000, 21773000, 258612.536023 
