1, 0.000000, 1000, 2.952548 
2, 0.030000, 2562000, 8078.754183 
3, 0.043000, 2641000, 8545.268750 
4, 0.052000, 2861000, 9441.384705 
5, 0.055000, 8297000, 36590.489347 
6, 0.069000, 8299000, 36708.177726 
7, 0.081000, 11013000, 52980.191855 
8, 0.084000, 11111000, 53569.950599 
9, 0.094000, 11221000, 54016.275985 
10, 0.107000, 11331000, 54472.785721 
11, 0.108000, 12657000, 62533.842233 
12, 0.265000, 12994000, 65224.692245 
13, 0.272000, 13091000, 69315.504504 
14, 0.285000, 13421000, 70843.082198 
15, 0.299000, 13531000, 71322.546172 
16, 0.306000, 15136000, 104452.520423 
17, 0.308000, 16390000, 125081.427831 
18, 0.311000, 17243000, 148370.806064 
19, 0.311000, 22570000, 258616.263463 
