1, 0.000000, 1000, 2.942497 
2, 0.040000, 8953000, 28658.841045 
3, 0.042000, 8969000, 29478.357982 
4, 0.044000, 9022000, 31077.008158 
5, 0.053000, 10509000, 37720.700975 
6, 0.064000, 10519000, 38128.212944 
7, 0.066000, 10558000, 40970.768018 
8, 0.068000, 11771000, 48688.021832 
9, 0.123000, 12544000, 54134.700132 
10, 0.126000, 13421000, 60336.889163 
11, 0.132000, 14081000, 64605.411048 
12, 0.221000, 14803000, 72796.969875 
13, 0.237000, 14805000, 72894.980479 
14, 0.240000, 14807000, 73114.986971 
15, 0.262000, 14808000, 73208.959689 
16, 0.282000, 14853000, 75149.786214 
17, 0.287000, 14875000, 75787.144887 
18, 0.296000, 14917000, 77550.608061 
19, 0.298000, 14940000, 78673.404788 
20, 0.308000, 14943000, 78873.851468 
21, 0.318000, 14953000, 79315.537443 
22, 0.320000, 14956000, 79537.910131 
23, 0.322000, 15183000, 81479.543197 
24, 0.323000, 15235000, 83773.931067 
25, 0.333000, 16354000, 103743.844630 
26, 0.434000, 16991000, 115431.608066 
27, 0.446000, 16999000, 115622.072640 
28, 0.449000, 17023000, 116219.980469 
29, 0.450000, 17025000, 116310.094761 
30, 0.454000, 17039000, 117359.873009 
31, 0.463000, 17044000, 117804.890299 
32, 0.477000, 17050000, 118197.032876 
33, 0.478000, 17111000, 121756.781996 
34, 0.487000, 17143000, 123261.815130 
35, 0.492000, 17145000, 123417.795633 
36, 0.508000, 17158000, 123908.828471 
37, 0.511000, 17163000, 124072.014062 
38, 0.523000, 18898000, 175677.130828 
39, 0.528000, 19711000, 202497.904464 
40, 0.534000, 20325000, 226221.734462 
41, 0.541000, 20461000, 233891.284704 
42, 0.556000, 20571000, 238735.279048 
43, 0.559000, 21015000, 241553.561907 
44, 0.575000, 21062000, 243891.909451 
45, 0.575000, 21471000, 258630.609976 
