1, 0.000000, 1000, 3.156419 
2, 0.039000, 1120000, 3413.293713 
3, 0.045000, 2421000, 8931.030806 
4, 0.046000, 4210000, 17461.483842 
5, 0.082000, 4225000, 18481.720559 
6, 0.094000, 4227000, 18560.902722 
7, 0.104000, 4250000, 19778.794585 
8, 0.112000, 4257000, 19946.151839 
9, 0.116000, 4258000, 20020.940746 
10, 0.120000, 4266000, 20362.434717 
11, 0.135000, 4283000, 21036.972831 
12, 0.137000, 4841000, 24172.001575 
13, 0.140000, 5492000, 31630.346146 
14, 0.236000, 6518000, 42619.511712 
15, 0.411000, 6534000, 44310.622875 
16, 0.449000, 6544000, 44800.109280 
17, 0.459000, 6551000, 45368.431602 
18, 0.466000, 6601000, 48813.393033 
19, 0.474000, 6672000, 52596.215690 
20, 0.481000, 6774000, 56379.158704 
21, 0.496000, 6857000, 60756.787656 
22, 0.498000, 6971000, 66285.132066 
23, 0.513000, 6980000, 66583.546858 
24, 0.515000, 8767000, 123000.332114 
25, 0.518000, 12224000, 247405.948890 
26, 0.524000, 12469000, 258270.127944 
27, 0.524000, 12472000, 258623.053678 
