1, 0.000000, 1000, 3.263438 
2, 0.034000, 2172000, 7570.122059 
3, 0.036000, 2174000, 7693.857420 
4, 0.037000, 2201000, 8134.204994 
5, 0.041000, 2421000, 9324.271999 
6, 0.042000, 2536000, 9811.743554 
7, 0.052000, 3411000, 13857.208586 
8, 0.059000, 11479000, 53561.044310 
9, 0.066000, 11481000, 53699.272695 
10, 0.068000, 11490000, 53996.200185 
11, 0.078000, 11532000, 55773.013130 
12, 0.085000, 11540000, 56242.236109 
13, 0.086000, 11551000, 57465.377125 
14, 0.089000, 12215000, 66893.301496 
15, 0.093000, 12321000, 67861.929117 
16, 0.102000, 14191000, 84912.769230 
17, 0.107000, 14302000, 85621.524400 
18, 0.130000, 17143000, 107521.194151 
19, 0.135000, 17153000, 107820.161556 
20, 0.219000, 17155000, 107901.606957 
21, 0.242000, 17161000, 108085.948568 
22, 0.246000, 17381000, 109109.782649 
23, 0.255000, 17711000, 113063.083451 
24, 0.277000, 18460000, 120389.545291 
25, 0.285000, 19077000, 124870.454358 
26, 0.295000, 20131000, 133756.570738 
27, 0.295000, 29859000, 258602.513785 
