1, 0.000000, 1000, 3.019573 
2, 0.034000, 6523000, 20735.587073 
3, 0.038000, 6528000, 20869.571325 
4, 0.039000, 7261000, 24331.102359 
5, 0.040000, 7811000, 26809.001823 
6, 0.043000, 7921000, 27275.514378 
7, 0.046000, 7922000, 27275.515380 
8, 0.051000, 13094000, 51695.053715 
9, 0.062000, 13561000, 53964.780153 
10, 0.069000, 13587000, 54485.988217 
11, 0.071000, 13590000, 54604.411623 
12, 0.092000, 13611000, 54999.909619 
13, 0.137000, 13612000, 55117.347931 
14, 0.156000, 13635000, 55967.383013 
15, 0.187000, 13638000, 56075.652651 
16, 0.188000, 13641000, 56286.285662 
17, 0.194000, 13664000, 57514.671402 
18, 0.210000, 13725000, 60524.314072 
19, 0.246000, 13742000, 61658.717858 
20, 0.266000, 13810000, 65251.506336 
21, 0.273000, 13833000, 66795.867665 
22, 0.279000, 14160000, 72085.754577 
23, 0.289000, 14191000, 73318.180104 
24, 0.291000, 15730000, 109674.241642 
25, 0.299000, 20461000, 169489.327827 
26, 0.300000, 27464000, 250633.748448 
27, 0.304000, 27501000, 252383.560569 
28, 0.304000, 27758000, 258616.998991 
