1, 0.000000, 1000, 2.845185 
2, 0.054000, 3620000, 10877.584289 
3, 0.059000, 3621000, 10988.781817 
4, 0.061000, 3631000, 11242.218459 
5, 0.064000, 3741000, 11824.488971 
6, 0.066000, 4181000, 13793.446850 
7, 0.074000, 4402000, 14766.333633 
8, 0.081000, 7482000, 30226.769433 
9, 0.100000, 18705000, 92957.170594 
10, 0.103000, 18811000, 93436.667517 
11, 0.105000, 19141000, 94958.952691 
12, 0.117000, 19581000, 96612.478852 
13, 0.172000, 20793000, 102615.127818 
14, 0.189000, 20810000, 103484.701422 
15, 0.213000, 20817000, 103607.321733 
16, 0.218000, 22367000, 117453.092330 
17, 0.222000, 22415000, 118692.744245 
18, 0.227000, 22477000, 120565.877028 
19, 0.244000, 22502000, 121458.590545 
20, 0.246000, 22507000, 121946.918758 
21, 0.255000, 23220000, 127953.390111 
22, 0.270000, 23450000, 132828.689150 
23, 0.286000, 27778000, 193809.846655 
24, 0.293000, 27806000, 194341.102417 
25, 0.301000, 31382000, 242646.831986 
26, 0.309000, 31454000, 246324.687127 
27, 0.316000, 31768000, 251654.166005 
28, 0.317000, 31799000, 252833.920735 
29, 0.318000, 31902000, 253754.685694 
30, 0.318000, 32125000, 258680.509506 
