1, 0.000000, 1000, 2.828549 
2, 0.046000, 1400000, 4409.433639 
3, 0.048000, 1426000, 4927.137607 
4, 0.049000, 1765000, 6959.454062 
5, 0.094000, 1873000, 7628.492569 
6, 0.126000, 2421000, 9792.877577 
7, 0.148000, 14633000, 58805.900825 
8, 0.174000, 14741000, 59322.245904 
9, 0.187000, 14756000, 60047.026506 
10, 0.190000, 14757000, 60138.741277 
11, 0.193000, 14761000, 60512.464132 
12, 0.229000, 14769000, 61130.670266 
13, 0.231000, 14815000, 63644.583351 
14, 0.244000, 14818000, 63853.890854 
15, 0.251000, 14820000, 63943.453567 
16, 0.262000, 14828000, 64334.981888 
17, 0.277000, 14843000, 65004.291319 
18, 0.280000, 14961000, 66108.169314 
19, 0.306000, 15362000, 72563.413280 
20, 0.309000, 19044000, 155905.604677 
21, 0.312000, 19062000, 156833.935264 
22, 0.315000, 20082000, 194531.271467 
23, 0.316000, 21887000, 230992.013030 
24, 0.316000, 24243000, 258602.978166 
