1, 0.000000, 1000, 3.072055 
2, 0.042000, 2869000, 8563.609238 
3, 0.045000, 3631000, 11711.775589 
4, 0.047000, 4622000, 15754.965264 
5, 0.055000, 4731000, 16298.293878 
6, 0.082000, 4732000, 16298.295050 
7, 0.093000, 4841000, 16842.242600 
8, 0.097000, 4847000, 17295.616746 
9, 0.110000, 5171000, 19206.351354 
10, 0.118000, 8801000, 45230.545371 
11, 0.135000, 15970000, 92141.274399 
12, 0.231000, 15999000, 92938.484828 
13, 0.261000, 16025000, 93717.680799 
14, 0.262000, 16027000, 93811.749145 
15, 0.263000, 16034000, 94002.891006 
16, 0.270000, 16071000, 95320.607137 
17, 0.272000, 16074000, 95416.864956 
18, 0.323000, 16076000, 95507.839001 
19, 0.326000, 16092000, 95974.636812 
20, 0.329000, 16171000, 99504.654233 
21, 0.330000, 16281000, 105098.252391 
22, 0.336000, 16670000, 112270.668704 
23, 0.405000, 17063000, 121714.606696 
24, 0.434000, 17181000, 127804.345875 
25, 0.458000, 17197000, 128365.504174 
26, 0.462000, 17205000, 128728.129739 
27, 0.475000, 17206000, 128815.237405 
28, 0.482000, 17216000, 129366.284445 
29, 0.484000, 17232000, 130174.864861 
30, 0.495000, 17256000, 131415.205340 
31, 0.498000, 17383000, 132919.801829 
32, 0.502000, 17416000, 134732.306928 
33, 0.521000, 17685000, 147995.005924 
34, 0.525000, 18155000, 161026.397498 
35, 0.529000, 18224000, 164565.240776 
36, 0.538000, 18701000, 168247.825088 
37, 0.542000, 21357000, 251295.606888 
38, 0.542000, 21512000, 258686.211159 
