1, 0.000000, 1000, 2.860184 
2, 0.038000, 1223000, 3581.328622 
3, 0.045000, 1435000, 4523.107502 
4, 0.059000, 1438000, 4642.939590 
5, 0.067000, 1651000, 5598.648716 
6, 0.073000, 2201000, 8938.627616 
7, 0.075000, 8553000, 50349.861437 
8, 0.092000, 9024000, 53287.779957 
9, 0.096000, 9132000, 54029.198400 
10, 0.097000, 9134000, 54138.947659 
11, 0.108000, 9351000, 57306.139776 
12, 0.109000, 9461000, 58075.825428 
13, 0.113000, 10011000, 60521.493536 
14, 0.222000, 10122000, 61194.253280 
15, 0.224000, 10125000, 61296.695206 
16, 0.245000, 10129000, 61496.320092 
17, 0.249000, 10341000, 63551.000331 
18, 0.250000, 10506000, 66039.725072 
19, 0.252000, 10558000, 67244.565105 
20, 0.257000, 10634000, 69740.752669 
21, 0.273000, 11750000, 80687.779074 
22, 0.287000, 11996000, 85802.031598 
23, 0.309000, 12324000, 90643.417244 
24, 0.371000, 17573000, 172192.442703 
25, 0.429000, 17587000, 172742.954996 
26, 0.458000, 17592000, 172844.075644 
27, 0.460000, 17601000, 173429.277324 
28, 0.470000, 17602000, 173429.280733 
29, 0.472000, 18108000, 190268.804146 
30, 0.475000, 18131000, 191289.250421 
31, 0.478000, 18140000, 191561.026827 
32, 0.482000, 18328000, 196300.196567 
33, 0.488000, 18469000, 201188.940916 
34, 0.505000, 18570000, 206656.326938 
35, 0.520000, 19669000, 230772.199310 
36, 0.524000, 20180000, 249562.052285 
37, 0.524000, 20499000, 258650.167836 
