1, 0.000000, 1000, 3.055823 
2, 0.042000, 1607000, 4813.414626 
3, 0.048000, 1615000, 5050.788271 
4, 0.050000, 1637000, 6505.975018 
5, 0.055000, 1651000, 7297.402251 
6, 0.062000, 7155000, 37173.931120 
7, 0.068000, 16529000, 88550.979201 
8, 0.077000, 16721000, 89340.087210 
9, 0.084000, 16941000, 90150.176922 
10, 0.087000, 17051000, 90624.497117 
11, 0.088000, 18811000, 98151.280045 
12, 0.097000, 19033000, 99249.605451 
13, 0.102000, 19035000, 99326.095683 
14, 0.106000, 19362000, 100587.481738 
15, 0.110000, 20461000, 106062.152294 
16, 0.124000, 20848000, 109685.841983 
17, 0.126000, 20852000, 109942.428401 
18, 0.141000, 20854000, 110018.449003 
19, 0.165000, 20858000, 110204.017801 
20, 0.201000, 20871000, 110862.617542 
21, 0.220000, 20883000, 111438.701513 
22, 0.221000, 20884000, 111525.134571 
23, 0.224000, 20892000, 111960.373093 
24, 0.245000, 20896000, 112057.002162 
25, 0.249000, 21011000, 112898.349637 
26, 0.251000, 21122000, 113401.441644 
27, 0.266000, 22776000, 125736.365576 
28, 0.267000, 22809000, 127572.879936 
29, 0.277000, 23211000, 132095.019747 
30, 0.289000, 23391000, 135731.448281 
31, 0.296000, 27901000, 224220.503700 
32, 0.312000, 28691000, 246681.117308 
33, 0.312000, 29189000, 258615.731648 
