1, 0.000000, 1000, 2.957012 
2, 0.033000, 9432000, 30272.320903 
3, 0.041000, 9435000, 30397.055052 
4, 0.048000, 9459000, 31383.063971 
5, 0.051000, 11475000, 41175.092302 
6, 0.053000, 11476000, 41290.099290 
7, 0.061000, 11481000, 41420.022856 
8, 0.086000, 11504000, 42453.717810 
9, 0.093000, 11508000, 42841.793544 
10, 0.106000, 11513000, 43238.991707 
11, 0.114000, 11523000, 44030.855538 
12, 0.132000, 11527000, 44339.589403 
13, 0.145000, 11539000, 45369.181386 
14, 0.148000, 11540000, 45495.915336 
15, 0.149000, 18921000, 127052.205062 
16, 0.156000, 23104000, 167634.588052 
17, 0.156000, 32785000, 258650.307071 
