1, 0.000000, 1000, 2.629104 
2, 0.043000, 3684000, 11352.191448 
3, 0.045000, 5115000, 19888.342504 
4, 0.053000, 5124000, 20461.131820 
5, 0.055000, 5125000, 20571.336035 
6, 0.063000, 5128000, 20688.646322 
7, 0.068000, 5503000, 23440.881711 
8, 0.077000, 5782000, 26915.631178 
9, 0.120000, 5785000, 26993.608936 
10, 0.134000, 5787000, 27067.896646 
11, 0.138000, 5796000, 27301.029632 
12, 0.142000, 6827000, 34349.408200 
13, 0.143000, 6836000, 34522.949436 
14, 0.188000, 6862000, 34679.144193 
15, 0.195000, 6867000, 35002.302579 
16, 0.212000, 6872000, 35485.081744 
17, 0.228000, 6920000, 37365.274801 
18, 0.273000, 6922000, 37465.670315 
19, 0.274000, 7303000, 41521.484430 
20, 0.298000, 7304000, 41617.934979 
21, 0.312000, 7455000, 48893.170296 
22, 0.341000, 7561000, 55265.040292 
23, 0.429000, 7592000, 56831.207074 
24, 0.437000, 7652000, 60767.363225 
25, 0.451000, 7675000, 62155.689329 
26, 0.461000, 7700000, 64110.148525 
27, 0.462000, 7703000, 64378.979973 
28, 0.487000, 7709000, 64680.246326 
29, 0.491000, 7745000, 66619.188584 
30, 0.493000, 7776000, 68546.882648 
31, 0.524000, 7778000, 68639.044810 
32, 0.525000, 7782000, 68820.126965 
33, 0.535000, 7796000, 69801.668179 
34, 0.548000, 7996000, 81605.932394 
35, 0.553000, 8098000, 87619.351999 
36, 0.563000, 8164000, 92123.697965 
37, 0.563000, 12331000, 258654.510741 
