1, 0.000000, 1000, 2.557519 
2, 0.068000, 7145000, 20457.356059 
3, 0.069000, 11551000, 42376.905105 
4, 0.071000, 11881000, 44072.079020 
5, 0.072000, 13424000, 51346.786941 
6, 0.076000, 13426000, 51571.924843 
7, 0.086000, 13531000, 52118.431636 
8, 0.094000, 13546000, 53498.105217 
9, 0.104000, 13751000, 54872.968023 
10, 0.109000, 14414000, 58365.758528 
11, 0.111000, 15417000, 65847.895859 
12, 0.114000, 16501000, 80310.996387 
13, 0.264000, 18775000, 102000.047716 
14, 0.267000, 18783000, 102557.449686 
15, 0.273000, 18798000, 103447.719967 
16, 0.299000, 18802000, 103603.075701 
17, 0.315000, 18807000, 103874.482640 
18, 0.495000, 19284000, 110287.764202 
19, 0.506000, 19314000, 112068.293300 
20, 0.530000, 19482000, 118696.035147 
21, 0.545000, 19504000, 119519.634914 
22, 0.548000, 19994000, 139448.527304 
23, 0.558000, 20432000, 155941.866901 
24, 0.558000, 23149000, 258626.227900 
