1, 0.000000, 1000, 2.935996 
2, 0.042000, 1462000, 4411.185667 
3, 0.043000, 1477000, 5755.694421 
4, 0.045000, 1481000, 6210.500365 
5, 0.046000, 1521000, 9639.618259 
6, 0.048000, 1653000, 11355.024890 
7, 0.049000, 1871000, 12449.729762 
8, 0.067000, 2314000, 14546.373820 
9, 0.069000, 2641000, 16007.491321 
10, 0.074000, 2861000, 16893.571065 
11, 0.082000, 4191000, 23223.428025 
12, 0.104000, 4192000, 23296.423357 
13, 0.110000, 6271000, 35930.938236 
14, 0.117000, 8145000, 44095.352401 
15, 0.124000, 8154000, 44278.349158 
16, 0.151000, 8156000, 44379.322499 
17, 0.158000, 8162000, 44806.309819 
18, 0.169000, 8179000, 45234.589339 
19, 0.217000, 8233000, 47767.237990 
20, 0.235000, 8251000, 48896.874562 
21, 0.253000, 8692000, 50743.658005 
22, 0.262000, 10183000, 68226.156475 
23, 0.304000, 10231000, 70052.022033 
24, 0.319000, 10752000, 80331.413816 
25, 0.331000, 11001000, 91188.749053 
26, 0.331000, 17795000, 258620.083583 
