1, 0.000000, 1000, 2.598110 
2, 0.028000, 186000, 517.884174 
3, 0.035000, 218000, 735.604408 
4, 0.036000, 331000, 1396.237123 
5, 0.037000, 441000, 1828.646051 
6, 0.038000, 661000, 2690.141678 
7, 0.042000, 1212000, 4851.159340 
8, 0.044000, 1323000, 5394.772994 
9, 0.046000, 2751000, 11349.350736 
10, 0.057000, 3028000, 12848.580005 
11, 0.064000, 3029000, 12959.455960 
12, 0.068000, 3074000, 14250.466996 
13, 0.069000, 9132000, 42129.858478 
14, 0.092000, 9688000, 44937.779741 
15, 0.118000, 9698000, 45316.037491 
16, 0.140000, 9750000, 47062.360070 
17, 0.192000, 11882000, 60311.286699 
18, 0.196000, 11991000, 61148.143365 
19, 0.202000, 12101000, 61572.395030 
20, 0.213000, 12541000, 64202.473218 
21, 0.230000, 12575000, 64535.611374 
22, 0.266000, 12583000, 64762.129645 
23, 0.271000, 12591000, 65181.982554 
24, 0.276000, 12615000, 66173.458223 
25, 0.295000, 12893000, 70314.275927 
26, 0.296000, 12894000, 70417.136110 
27, 0.350000, 12896000, 70620.785913 
28, 0.373000, 12904000, 71036.792241 
29, 0.397000, 12908000, 71418.051753 
30, 0.420000, 12946000, 73269.224831 
31, 0.442000, 13433000, 88935.711933 
32, 0.459000, 15317000, 134399.699969 
33, 0.503000, 15365000, 136570.138301 
34, 0.507000, 15372000, 136908.143437 
35, 0.527000, 15511000, 142592.686212 
36, 0.534000, 16061000, 161803.026436 
37, 0.536000, 16721000, 186124.968586 
38, 0.553000, 16813000, 189632.834977 
39, 0.553000, 18696000, 258600.904535 
