1, 0.000000, 1000, 2.977409 
2, 0.035000, 2695000, 8380.854462 
3, 0.058000, 2702000, 8547.264870 
4, 0.059000, 2707000, 8671.620857 
5, 0.066000, 2730000, 9074.719012 
6, 0.132000, 2979000, 11061.817802 
7, 0.141000, 3028000, 13192.959673 
8, 0.154000, 3035000, 13680.708088 
9, 0.168000, 3050000, 14535.297912 
10, 0.224000, 3358000, 23784.048828 
11, 0.246000, 3359000, 23869.476158 
12, 0.247000, 3458000, 27882.647899 
13, 0.253000, 3475000, 28838.284107 
14, 0.265000, 4540000, 36901.833549 
15, 0.267000, 4575000, 38531.386046 
16, 0.274000, 4731000, 41161.157148 
17, 0.287000, 6650000, 58080.302505 
18, 0.287000, 25301000, 258612.542990 
