1, 0.000000, 1000, 3.033662 
2, 0.070000, 643000, 2030.809260 
3, 0.071000, 1981000, 8977.191360 
4, 0.087000, 10284000, 56719.916055 
5, 0.093000, 10285000, 56843.258104 
6, 0.094000, 10293000, 57390.349256 
7, 0.098000, 10326000, 60441.729936 
8, 0.113000, 10338000, 61571.843073 
9, 0.115000, 11972000, 84555.884987 
10, 0.130000, 11973000, 84684.491052 
11, 0.133000, 11981000, 85195.162667 
12, 0.138000, 11983000, 85350.198985 
13, 0.147000, 12211000, 90253.563138 
14, 0.149000, 12766000, 93734.891382 
15, 0.154000, 12981000, 97180.587347 
16, 0.162000, 16392000, 138581.539255 
17, 0.163000, 22551000, 223778.112927 
18, 0.163000, 25428000, 258637.691880 
