1, 0.000000, 1000, 3.182749 
2, 0.038000, 1699000, 5363.682109 
3, 0.041000, 1714000, 5519.256524 
4, 0.042000, 2641000, 10550.962923 
5, 0.051000, 4181000, 17566.737394 
6, 0.054000, 19141000, 92289.739348 
7, 0.075000, 22856000, 108707.994848 
8, 0.085000, 26074000, 140116.815544 
9, 0.098000, 27069000, 148327.735273 
10, 0.179000, 27070000, 148436.026468 
11, 0.185000, 27082000, 148965.361760 
12, 0.196000, 27083000, 149044.751781 
13, 0.199000, 27157000, 152294.685197 
14, 0.272000, 27943000, 156893.531091 
15, 0.298000, 28051000, 157647.731957 
16, 0.303000, 28187000, 158890.726612 
17, 0.441000, 28267000, 162544.028011 
18, 0.442000, 28274000, 162822.180837 
19, 0.453000, 28275000, 162910.337672 
20, 0.462000, 28296000, 164098.934349 
21, 0.468000, 28332000, 165685.905234 
22, 0.469000, 28348000, 166280.643167 
23, 0.477000, 28724000, 174722.436901 
24, 0.485000, 28808000, 178320.198963 
25, 0.488000, 28817000, 178793.688388 
26, 0.497000, 29076000, 187415.127816 
27, 0.497000, 31050000, 258619.750735 
