1, 0.000000, 1000, 2.999937 
2, 0.035000, 10046000, 30329.940115 
3, 0.042000, 10058000, 30818.081816 
4, 0.043000, 10059000, 30939.955213 
5, 0.050000, 10063000, 31179.321487 
6, 0.060000, 10080000, 31482.937726 
7, 0.066000, 10341000, 33530.709160 
8, 0.067000, 10561000, 34987.982683 
9, 0.070000, 11441000, 38731.550682 
10, 0.071000, 12651000, 43875.345395 
11, 0.084000, 14579000, 56761.731929 
12, 0.109000, 14580000, 56881.881890 
13, 0.114000, 14583000, 57004.815177 
14, 0.134000, 14586000, 57253.648944 
15, 0.140000, 14619000, 60407.739568 
16, 0.149000, 16290000, 84313.234611 
17, 0.163000, 16501000, 94245.418379 
18, 0.169000, 21671000, 151048.355766 
19, 0.170000, 26075000, 212817.295485 
20, 0.177000, 26109000, 214766.368359 
21, 0.247000, 26294000, 220837.401437 
22, 0.268000, 26296000, 220945.729996 
23, 0.352000, 26302000, 221250.364668 
24, 0.355000, 26366000, 225334.307223 
25, 0.363000, 26370000, 225487.624234 
26, 0.378000, 26397000, 226965.501848 
27, 0.500000, 27068000, 244800.453959 
28, 0.504000, 27112000, 246809.802208 
29, 0.515000, 27171000, 249758.825900 
30, 0.515000, 27378000, 258659.024729 
