1, 0.000000, 1000, 2.950593 
2, 0.029000, 5781000, 18596.494287 
3, 0.035000, 5786000, 18721.598718 
4, 0.050000, 5794000, 18962.821898 
5, 0.074000, 10014000, 39369.020196 
6, 0.093000, 10021000, 39581.365204 
7, 0.153000, 11443000, 48579.504934 
8, 0.160000, 11444000, 48686.842453 
9, 0.195000, 11551000, 49289.338565 
10, 0.231000, 12064000, 62095.857108 
11, 0.251000, 12075000, 62331.284259 
12, 0.254000, 12101000, 63571.926805 
13, 0.264000, 12211000, 64371.976597 
14, 0.288000, 12229000, 64937.721774 
15, 0.294000, 16160000, 127027.900860 
16, 0.319000, 16167000, 127229.736795 
17, 0.433000, 16169000, 127424.964875 
18, 0.458000, 16173000, 127694.815132 
19, 0.491000, 16246000, 131168.142984 
20, 0.495000, 16297000, 133550.180230 
21, 0.514000, 16306000, 133897.893882 
22, 0.524000, 16312000, 134093.384197 
23, 0.525000, 16369000, 136753.361174 
24, 0.526000, 16371000, 136949.891559 
25, 0.533000, 16501000, 138591.011152 
26, 0.535000, 16644000, 144435.061750 
27, 0.536000, 16722000, 147791.254389 
28, 0.541000, 17107000, 160006.065756 
29, 0.541000, 19699000, 258661.449370 
