1, 0.000000, 1000, 3.278801 
2, 0.036000, 10232000, 32643.680672 
3, 0.046000, 10341000, 33250.401023 
4, 0.047000, 12675000, 44889.972477 
5, 0.055000, 14527000, 56633.022020 
6, 0.062000, 14528000, 56744.388760 
7, 0.068000, 14529000, 56858.899742 
8, 0.074000, 14741000, 57883.229126 
9, 0.078000, 16030000, 70707.684850 
10, 0.079000, 16502000, 75511.436679 
11, 0.096000, 16612000, 76111.025368 
12, 0.100000, 16941000, 77807.879980 
13, 0.111000, 17271000, 79276.693972 
14, 0.120000, 17621000, 82765.049860 
15, 0.155000, 18170000, 103629.828108 
16, 0.165000, 18172000, 103812.123553 
17, 0.174000, 18177000, 103992.265970 
18, 0.192000, 18178000, 104066.593341 
19, 0.242000, 18211000, 105331.971826 
20, 0.258000, 18223000, 106000.934835 
21, 0.266000, 18381000, 115044.702252 
22, 0.277000, 18560000, 127206.659616 
23, 0.282000, 18574000, 127606.291941 
24, 0.290000, 18587000, 128404.856533 
25, 0.296000, 18592000, 128673.014278 
26, 0.327000, 18715000, 135701.070380 
27, 0.332000, 21784000, 224183.155908 
28, 0.332000, 23472000, 258636.505871 
