1, 0.000000, 1000, 2.899760 
2, 0.034000, 1548000, 4902.698113 
3, 0.038000, 1871000, 6524.270966 
4, 0.047000, 1981000, 6975.094003 
5, 0.055000, 9502000, 40636.264182 
6, 0.058000, 9509000, 41141.851576 
7, 0.096000, 9511000, 41400.845215 
8, 0.097000, 9517000, 42043.092286 
9, 0.104000, 9518000, 42170.738557 
10, 0.111000, 9542000, 44168.898446 
11, 0.128000, 9547000, 44713.852292 
12, 0.130000, 9555000, 45687.746959 
13, 0.137000, 9562000, 46119.676662 
14, 0.141000, 10034000, 52946.908563 
15, 0.143000, 10037000, 53372.658097 
16, 0.149000, 10782000, 81387.612696 
17, 0.150000, 11003000, 83536.178527 
18, 0.152000, 11224000, 87910.318712 
19, 0.158000, 11272000, 92523.685824 
20, 0.160000, 16325000, 150724.842561 
21, 0.172000, 16759000, 161027.735988 
22, 0.172000, 23871000, 258767.857370 
