1, 0.000000, 1000, 2.718105 
2, 0.034000, 852000, 2229.460280 
3, 0.036000, 862000, 2449.787739 
4, 0.038000, 871000, 2569.484498 
5, 0.050000, 880000, 2689.010091 
6, 0.051000, 9007000, 45079.697376 
7, 0.052000, 14090000, 96721.141165 
8, 0.058000, 14851000, 104143.563315 
9, 0.061000, 17097000, 134926.979595 
10, 0.065000, 17114000, 135479.910879 
11, 0.069000, 17120000, 136094.337679 
12, 0.073000, 17128000, 136514.675269 
13, 0.075000, 17492000, 140132.402811 
14, 0.083000, 18670000, 150315.665243 
15, 0.084000, 18813000, 153317.538770 
16, 0.117000, 19596000, 162368.523570 
17, 0.126000, 19803000, 166519.258992 
18, 0.127000, 20141000, 168713.569165 
19, 0.128000, 20682000, 175225.197908 
20, 0.146000, 25503000, 206133.367556 
21, 0.150000, 28271000, 228377.056400 
22, 0.197000, 28533000, 234054.178433 
23, 0.260000, 28534000, 234128.330080 
24, 0.282000, 28540000, 234215.123124 
25, 0.318000, 28832000, 237216.607166 
26, 0.334000, 28838000, 237433.938817 
27, 0.340000, 28853000, 237758.371005 
28, 0.415000, 29296000, 245411.670268 
29, 0.487000, 29300000, 245563.090952 
30, 0.518000, 29308000, 245904.831165 
31, 0.525000, 29336000, 246723.825168 
32, 0.528000, 29345000, 247012.639145 
33, 0.544000, 29371000, 248328.706984 
34, 0.560000, 29541000, 252058.838586 
35, 0.560000, 29701000, 258685.256598 
