1, 0.000000, 1000, 3.723325 
2, 0.045000, 7832000, 28572.411490 
3, 0.049000, 9974000, 38322.546827 
4, 0.050000, 10035000, 39150.690489 
5, 0.058000, 10036000, 39276.592394 
6, 0.064000, 10043000, 40069.048755 
7, 0.108000, 10052000, 40581.494390 
8, 0.126000, 10058000, 40958.265637 
9, 0.133000, 10089000, 42802.761691 
10, 0.136000, 10090000, 42937.996332 
11, 0.142000, 10091000, 43065.691325 
12, 0.144000, 10093000, 43312.215847 
13, 0.152000, 10097000, 43689.257601 
14, 0.157000, 44880000, 183674.380022 
15, 0.179000, 44886000, 183956.991385 
16, 0.181000, 44887000, 184053.356697 
17, 0.201000, 44890000, 184334.606704 
18, 0.201000, 69479000, 258714.035453 
