1, 0.000000, 1000, 2.786737 
2, 0.030000, 1928000, 5845.485219 
3, 0.037000, 1929000, 5990.001740 
4, 0.041000, 1932000, 6246.571532 
5, 0.044000, 1938000, 6857.346761 
6, 0.052000, 1947000, 7597.400191 
7, 0.053000, 1952000, 7771.471922 
8, 0.064000, 1959000, 8269.805558 
9, 0.068000, 1963000, 8636.943976 
10, 0.070000, 1969000, 9257.081964 
11, 0.072000, 12952000, 47373.037306 
12, 0.089000, 23387000, 79723.896214 
13, 0.090000, 23391000, 80104.101768 
14, 0.091000, 23397000, 80746.028901 
15, 0.107000, 23398000, 80872.556210 
16, 0.113000, 23407000, 81684.228788 
17, 0.121000, 23427000, 83663.828244 
18, 0.121000, 78825000, 258807.990458 
