1, 0.000000, 1000, 2.802953 
2, 0.037000, 1458000, 4294.678426 
3, 0.046000, 11521000, 34155.044330 
4, 0.047000, 11652000, 35590.402260 
5, 0.058000, 12250000, 38079.958696 
6, 0.065000, 12264000, 38597.236831 
7, 0.072000, 21185000, 67145.724118 
8, 0.155000, 43604000, 142676.508312 
9, 0.158000, 43608000, 142780.186416 
10, 0.160000, 43621000, 143464.602326 
11, 0.163000, 43627000, 143681.142952 
12, 0.197000, 43649000, 144700.862534 
13, 0.198000, 43652000, 144893.804753 
14, 0.201000, 43672000, 145501.282380 
15, 0.201000, 82860000, 258735.393302 
