1, 0.000000, 1000, 2.839417 
2, 0.030000, 1825000, 5510.816661 
3, 0.031000, 1832000, 5637.715594 
4, 0.037000, 2907000, 9003.995201 
5, 0.043000, 2911000, 9131.122611 
6, 0.047000, 7552000, 23851.905287 
7, 0.050000, 7576000, 24401.046786 
8, 0.051000, 7990000, 26668.674795 
9, 0.061000, 7993000, 27025.907221 
10, 0.062000, 8000000, 27633.407612 
11, 0.064000, 9111000, 35311.003440 
12, 0.086000, 9114000, 35570.627599 
13, 0.251000, 18479000, 67664.876489 
14, 0.276000, 18486000, 67931.736975 
15, 0.276000, 79892000, 258672.116892 
